0 0.528711 0.726458 0.068359 0.103194
0 0.718398 0.604097 0.064609 0.080417
0 0.850078 0.562361 0.061719 0.079167
0 0.785391 0.561944 0.099063 0.095278
0 0.276914 0.604722 0.046797 0.076667
0 0.456914 0.587222 0.055859 0.070278
0 0.591016 0.523125 0.037344 0.045417
0 0.386328 0.626458 0.060313 0.094028
0 0.482930 0.471875 0.041484 0.029583
0 0.575625 0.480139 0.052031 0.051111
0 0.613711 0.476458 0.036641 0.034583
0 0.306211 0.413264 0.020078 0.019583
0 0.482074 0.436851 0.039147 0.026566
0 0.259862 0.545310 0.037654 0.042350
0 0.345927 0.493169 0.042264 0.045537
0 0.818099 0.932562 0.154427 0.132099
0 0.408231 0.434468 0.027509 0.027876
0 0.375220 0.442782 0.030810 0.027876
