0 0.830742 0.612083 0.071641 0.062222
0 0.985586 0.636250 0.028359 0.087500
0 0.639141 0.561528 0.038594 0.050556
0 0.307422 0.529375 0.047031 0.072639
0 0.239648 0.521181 0.040234 0.063194
0 0.382109 0.624167 0.050781 0.077222
0 0.335160 0.426847 0.026587 0.030541
0 0.668086 0.521944 0.043828 0.045000
0 0.423828 0.421667 0.037031 0.034167
0 0.507148 0.464444 0.040391 0.038056
0 0.874961 0.697778 0.079141 0.081944
0 0.273984 0.839514 0.085625 0.135694
0 0.853086 0.942500 0.107109 0.108333
0 0.433813 0.897792 0.090187 0.201637
0 0.597053 0.640583 0.069868 0.091463
0 0.343955 0.495564 0.039267 0.037086
0 0.293644 0.469750 0.039267 0.034904
0 0.561968 0.489020 0.040085 0.042903
