0 0.709727 0.551806 0.060703 0.061944
0 0.821992 0.559028 0.068828 0.055833
0 0.424297 0.566597 0.052344 0.080417
0 0.301055 0.650069 0.051641 0.092917
0 0.332500 0.537014 0.042969 0.062361
0 0.778438 0.655208 0.084531 0.071528
0 0.573336 0.527640 0.046266 0.046623
0 0.800586 0.506875 0.063203 0.047639
0 0.682031 0.497569 0.052500 0.052917
0 0.565312 0.478819 0.051875 0.052083
0 0.258867 0.546042 0.041797 0.098750
0 0.955625 0.604514 0.060469 0.070972
0 0.651348 0.445609 0.123322 0.081773
0 0.372159 0.506734 0.040720 0.043771
0 0.506974 0.426085 0.100590 0.078684
0 0.625350 0.851368 0.115438 0.143035
