0 0.811172 0.676181 0.085000 0.082917
0 0.682734 0.721667 0.086250 0.128056
0 0.522500 0.693125 0.066562 0.116250
0 0.676914 0.580764 0.062266 0.066806
0 0.929141 0.608472 0.083594 0.075278
0 0.397578 0.657500 0.069687 0.137222
0 0.596523 0.529861 0.038672 0.048889
0 0.610234 0.474097 0.050312 0.051528
0 0.447266 0.573472 0.053750 0.065833
0 0.979414 0.580139 0.041172 0.071667
0 0.936523 0.692153 0.085703 0.076528
0 0.282734 0.782153 0.078438 0.169583
0 0.840391 0.959722 0.047188 0.068333
0 0.663125 0.476250 0.043750 0.030833
0 0.286193 0.633787 0.045599 0.058957
0 0.275670 0.586451 0.039860 0.050454
0 0.332270 0.546485 0.040179 0.056689
0 0.237564 0.519274 0.035714 0.039683
0 0.342355 0.485780 0.038504 0.056878
0 0.499349 0.481674 0.042969 0.044367
0 0.447049 0.464892 0.032118 0.030093
0 0.471788 0.425926 0.042535 0.043210
0 0.545496 0.587418 0.067096 0.080065
