0 0.476289 0.632639 0.059922 0.081944
0 0.700078 0.537708 0.057031 0.058750
0 0.736094 0.518403 0.052813 0.050694
0 0.285625 0.625556 0.053906 0.103611
0 0.616563 0.497639 0.051562 0.059722
0 0.842539 0.615972 0.072734 0.069444
0 0.778320 0.642986 0.087578 0.117083
0 0.262266 0.898542 0.121719 0.191806
0 0.552852 0.472153 0.052266 0.055694
0 0.292578 0.503750 0.040156 0.049722
0 0.623320 0.679722 0.078047 0.101944
0 0.438086 0.582222 0.048516 0.062778
0 0.205117 0.473750 0.026172 0.029722
0 0.328644 0.538057 0.042968 0.059940
0 0.990820 0.642292 0.018047 0.057917
0 0.543846 0.581916 0.054528 0.068594
0 0.461416 0.526077 0.049107 0.045351
0 0.379464 0.510488 0.042730 0.057256
