0 0.635234 0.557431 0.058906 0.051806
0 0.772852 0.652847 0.078359 0.090694
0 0.814414 0.519653 0.059922 0.057917
0 0.768789 0.568958 0.067422 0.067361
0 0.608125 0.889653 0.110781 0.182361
0 0.275820 0.707986 0.062734 0.101250
0 0.271953 0.832708 0.080469 0.161806
0 0.686523 0.742708 0.090234 0.116250
0 0.497344 0.481389 0.042812 0.038611
0 0.462695 0.949444 0.114297 0.095000
0 0.326328 0.416875 0.034844 0.035972
0 0.555830 0.464492 0.053435 0.055031
0 0.762930 0.409375 0.037422 0.050417
0 0.479607 0.613358 0.062040 0.081699
0 0.377642 0.611315 0.054573 0.075572
0 0.428324 0.439924 0.037957 0.033412
