0 0.825625 0.553194 0.072500 0.071111
0 0.765859 0.602361 0.068750 0.075556
0 0.559023 0.775139 0.082109 0.124722
0 0.835078 0.689375 0.090313 0.084583
0 0.487021 0.458837 0.027722 0.026322
0 0.555625 0.460833 0.035312 0.038889
0 0.282734 0.652708 0.056094 0.099861
0 0.323566 0.525235 0.047086 0.072029
0 0.502852 0.649931 0.069922 0.107917
0 0.245195 0.468889 0.037891 0.045833
0 0.352031 0.438125 0.025000 0.019583
0 0.396719 0.429792 0.020938 0.020972
0 0.461793 0.466687 0.031555 0.041985
0 0.262321 0.542772 0.041200 0.055970
0 0.383784 0.482656 0.040034 0.047678
0 0.615077 0.501400 0.047568 0.045363
