0 0.866836 0.720833 0.096016 0.097500
0 0.620664 0.550556 0.052266 0.055556
0 0.267344 0.539306 0.040156 0.069167
0 0.502383 0.554028 0.049141 0.056389
0 0.240469 0.466389 0.041875 0.049722
0 0.652699 0.519781 0.051610 0.039562
0 0.396133 0.691528 0.059297 0.093333
0 0.745039 0.559583 0.055703 0.054722
0 0.779297 0.545556 0.044687 0.040000
0 0.733804 0.623918 0.070829 0.069386
0 0.208581 0.482363 0.032862 0.052910
0 0.289453 0.501875 0.037500 0.041806
0 0.560820 0.510139 0.048672 0.048611
0 0.509943 0.438552 0.107008 0.122896
0 0.367610 0.511449 0.043074 0.049925
