0 0.476457 0.616761 0.067219 0.111885
0 0.866177 0.727910 0.090856 0.085821
0 0.747461 0.627038 0.071502 0.069389
0 0.320282 0.703464 0.075971 0.148210
0 0.468737 0.928465 0.100526 0.143071
0 0.884128 0.649861 0.083930 0.071679
0 0.727383 0.553344 0.061547 0.054657
0 0.870772 0.694751 0.095501 0.165608
0 0.966694 0.484230 0.066612 0.054642
0 0.566617 0.483161 0.048705 0.040269
0 0.736102 0.831900 0.056112 0.079735
0 0.149843 0.977346 0.060594 0.045308
0 0.233192 0.509032 0.040407 0.045902
