0 0.301641 0.842500 0.085469 0.144444
0 0.566680 0.769653 0.087266 0.141250
0 0.828516 0.599514 0.090625 0.085694
0 0.407773 0.660069 0.060703 0.081250
0 0.280898 0.632778 0.058984 0.118611
0 0.611654 0.537037 0.054036 0.052083
0 0.686198 0.533565 0.055990 0.061343
0 0.550130 0.510417 0.045573 0.040509
0 0.753581 0.816551 0.106120 0.155093
0 0.316081 0.568866 0.047526 0.081019
0 0.319336 0.487269 0.037109 0.040509
0 0.390951 0.487269 0.043620 0.042824
0 0.205404 0.486690 0.031901 0.057870
0 0.225911 0.453125 0.028646 0.043981
0 0.421224 0.457755 0.037760 0.039352
0 0.481120 0.479167 0.040365 0.042824
0 0.503255 0.439236 0.029948 0.025463
0 0.375977 0.440394 0.025391 0.027778
0 0.319661 0.397569 0.080729 0.083333
0 0.215820 0.393519 0.027995 0.026620
0 0.866211 0.554977 0.089193 0.085648
0 0.953451 0.678819 0.082682 0.097222
