0 0.562344 0.771111 0.084531 0.122500
0 0.380273 0.734097 0.059766 0.100694
0 0.482865 0.550479 0.052521 0.055439
0 0.544085 0.477241 0.033810 0.032680
0 0.664227 0.526261 0.048254 0.043184
0 0.445280 0.446895 0.035123 0.028011
0 0.484342 0.417717 0.038406 0.023343
0 0.371586 0.429680 0.030856 0.023926
0 0.305935 0.513422 0.041360 0.058357
0 0.280495 0.467612 0.035123 0.035598
0 0.351398 0.412757 0.021993 0.020425
0 0.748981 0.401872 0.041893 0.052335
0 0.240036 0.522142 0.036232 0.045290
0 0.240885 0.489936 0.034534 0.029187
