0 0.407773 0.915208 0.099297 0.154861
0 0.394844 0.675833 0.057500 0.091667
0 0.490977 0.618333 0.062422 0.089722
0 0.279531 0.682778 0.057187 0.089444
0 0.707695 0.589931 0.071953 0.071806
0 0.361390 0.578398 0.045696 0.065077
0 0.399347 0.536469 0.043485 0.053721
0 0.435215 0.512448 0.043485 0.051101
0 0.326381 0.484058 0.036114 0.046733
0 0.359793 0.470737 0.036114 0.039308
0 0.299848 0.444969 0.039554 0.034067
0 0.217055 0.489955 0.039062 0.052411
0 0.237446 0.438199 0.036114 0.038871
0 0.356967 0.412212 0.037343 0.025332
0 0.275526 0.399764 0.025796 0.016160
0 0.685185 0.502572 0.050926 0.039095
