0 0.270313 0.841319 0.091250 0.142083
0 0.434258 0.807500 0.083984 0.172222
0 0.807852 0.589444 0.083672 0.083889
0 0.403906 0.647014 0.059531 0.089028
0 0.292656 0.673056 0.060156 0.088056
0 0.875977 0.728542 0.099609 0.091528
0 0.679622 0.468368 0.139193 0.106875
0 0.599935 0.846644 0.112630 0.168981
0 0.430013 0.565972 0.059245 0.065972
0 0.253581 0.524884 0.037109 0.055556
0 0.308594 0.470486 0.036458 0.043981
0 0.433594 0.458333 0.031250 0.033565
0 0.493164 0.479745 0.031901 0.046296
0 0.488607 0.436343 0.035807 0.031250
0 0.888672 0.510417 0.183594 0.160880
0 0.214193 0.401042 0.024740 0.025463
0 0.175456 0.398148 0.017578 0.019676
0 0.364258 0.418403 0.033203 0.025463
0 0.396484 0.415509 0.026042 0.038194
0 0.316081 0.399884 0.026693 0.025463
0 0.281576 0.412616 0.026693 0.025463
0 0.260417 0.447917 0.035156 0.035880
0 0.231120 0.458333 0.031250 0.040509
0 0.953776 0.620949 0.084635 0.076389
