0 0.933672 0.762431 0.116094 0.097361
0 0.533398 0.705139 0.067109 0.102222
0 0.371641 0.609097 0.057187 0.093750
0 0.426758 0.566551 0.044922 0.057870
0 0.350911 0.506366 0.044271 0.055556
0 0.277995 0.583912 0.042969 0.076389
0 0.255534 0.518519 0.035807 0.049769
0 0.313802 0.456019 0.036458 0.031250
0 0.259766 0.433449 0.036458 0.032407
0 0.303060 0.407986 0.025391 0.023148
0 0.367188 0.423611 0.023438 0.024306
0 0.554717 0.469678 0.043833 0.057252
0 0.476145 0.478425 0.041150 0.039758
0 0.411289 0.449003 0.039659 0.038168
0 0.405922 0.419317 0.037273 0.030746
0 0.756590 0.531170 0.069478 0.056192
0 0.823533 0.432305 0.040553 0.048240
