0 0.612656 0.884792 0.108438 0.159306
0 0.700625 0.772917 0.099219 0.113056
0 0.493789 0.644306 0.060078 0.097222
0 0.558437 0.605000 0.064688 0.080000
0 0.772695 0.630278 0.088359 0.086667
0 0.285807 0.681134 0.058594 0.120370
0 0.485352 0.537616 0.061849 0.071759
0 0.563151 0.517940 0.046875 0.053241
0 0.595052 0.464699 0.046875 0.039352
0 0.381185 0.510995 0.043620 0.055556
0 0.264323 0.543981 0.046875 0.072917
0 0.272786 0.486690 0.037760 0.041667
0 0.288737 0.438079 0.033203 0.037037
0 0.386719 0.432292 0.041667 0.039352
0 0.205078 0.471065 0.031250 0.061343
0 0.185547 0.412037 0.026042 0.035880
