0 0.658789 0.558889 0.068672 0.086389
0 0.786562 0.662014 0.088125 0.077917
0 0.419922 0.550926 0.049479 0.068287
0 0.347982 0.495370 0.042318 0.047454
0 0.253581 0.481481 0.034505 0.042824
0 0.266927 0.456019 0.032552 0.026620
0 0.302409 0.405093 0.020182 0.024306
0 0.225586 0.397569 0.020182 0.023148
0 0.490560 0.450810 0.042318 0.023148
0 0.569336 0.489005 0.038411 0.034722
0 0.685872 0.496528 0.055339 0.038194
0 0.883789 0.653935 0.083984 0.079861
0 0.962565 0.640625 0.070964 0.085648
