0 0.533984 0.701389 0.065938 0.090000
0 0.370937 0.614861 0.058594 0.093056
0 0.886445 0.575833 0.076953 0.081944
0 0.896172 0.735833 0.108750 0.087778
0 0.777969 0.570694 0.077656 0.074444
0 0.506510 0.568287 0.054688 0.063657
0 0.536784 0.501736 0.043620 0.043981
0 0.682292 0.568287 0.059896 0.068287
0 0.689779 0.501736 0.047526 0.041667
0 0.440755 0.438079 0.028646 0.027778
0 0.298828 0.506944 0.037760 0.059028
0 0.337565 0.487269 0.037109 0.040509
0 0.223633 0.501157 0.031901 0.045139
0 0.224935 0.436343 0.035807 0.033565
0 0.297526 0.446181 0.036458 0.027778
0 0.276367 0.408565 0.021484 0.017361
0 0.231120 0.404514 0.026042 0.025463
0 0.197917 0.390625 0.016927 0.018519
0 0.376953 0.405093 0.032552 0.028935
0 0.322591 0.411458 0.022786 0.032407
0 0.397135 0.541088 0.042969 0.050926
0 0.573893 0.484954 0.029297 0.045139
