0 0.519102 0.673750 0.064141 0.093056
0 0.284961 0.718472 0.064922 0.091389
0 0.896562 0.583125 0.073594 0.073194
0 0.782539 0.569097 0.079609 0.075139
0 0.395508 0.656829 0.056641 0.078704
0 0.805013 0.653935 0.086589 0.079861
0 0.615234 0.548032 0.050781 0.046296
0 0.621419 0.507523 0.052734 0.039352
0 0.497518 0.486275 0.036213 0.040523
0 0.526471 0.464052 0.033456 0.033333
0 0.525276 0.433170 0.036949 0.028431
0 0.417371 0.458170 0.037316 0.029412
0 0.380423 0.417484 0.039890 0.037582
0 0.270772 0.458170 0.034559 0.033987
0 0.282353 0.402124 0.023529 0.034314
0 0.311581 0.414706 0.025000 0.028105
0 0.256158 0.395098 0.017831 0.026144
0 0.224449 0.401634 0.026471 0.022876
