0 0.580508 0.818125 0.086172 0.123750
0 0.906523 0.691944 0.089453 0.071944
0 0.282578 0.815556 0.084375 0.148333
0 0.478984 0.645764 0.062969 0.083750
0 0.303711 0.660301 0.054036 0.081019
0 0.284505 0.509259 0.042969 0.049769
0 0.414714 0.491898 0.044271 0.052083
0 0.471680 0.542824 0.046224 0.054398
0 0.692383 0.587963 0.059245 0.059028
0 0.590495 0.523727 0.048177 0.043981
0 0.673177 0.527199 0.059896 0.055556
0 0.540690 0.451968 0.050130 0.034722
0 0.405273 0.429398 0.030599 0.033565
0 0.778646 0.501157 0.055990 0.047454
0 0.748372 0.404514 0.034505 0.041667
0 0.444596 0.909317 0.109245 0.178588
0 0.271484 0.452546 0.036458 0.031250
0 0.312348 0.452265 0.038228 0.036677
0 0.313789 0.416532 0.025637 0.021845
0 0.278519 0.415049 0.035194 0.032362
0 0.245373 0.402913 0.025030 0.022114
