0 0.415117 0.691458 0.071172 0.120139
0 0.838242 0.621319 0.084453 0.081250
0 0.276875 0.758681 0.068594 0.107639
0 0.730508 0.831528 0.111016 0.135000
0 0.303711 0.645833 0.048828 0.065972
0 0.426758 0.570602 0.046224 0.061343
0 0.273112 0.449074 0.034505 0.038194
0 0.215820 0.430556 0.031901 0.031250
0 0.295898 0.410880 0.021484 0.024306
0 0.367188 0.421296 0.020833 0.024306
0 0.458333 0.440972 0.028646 0.024306
0 0.708333 0.538194 0.053385 0.042824
0 0.231120 0.396991 0.018229 0.019676
0 0.185547 0.388889 0.022135 0.024306
