0 0.490156 0.624653 0.064844 0.102917
0 0.548242 0.734444 0.072734 0.113333
0 0.848281 0.620694 0.082969 0.079722
0 0.399023 0.649653 0.054297 0.090694
0 0.345703 0.565394 0.046875 0.062500
0 0.428385 0.546296 0.050781 0.072917
0 0.256510 0.535880 0.039062 0.052083
0 0.304688 0.512731 0.039062 0.047454
0 0.326172 0.456019 0.037760 0.042824
0 0.213542 0.458912 0.039063 0.039352
0 0.480143 0.467593 0.043620 0.045139
0 0.543294 0.478009 0.042318 0.028935
0 0.525391 0.450231 0.032552 0.028935
0 0.653971 0.490162 0.056641 0.046296
0 0.682292 0.538194 0.048177 0.047454
0 0.740885 0.515046 0.054688 0.049769
0 0.430013 0.421875 0.038411 0.032407
0 0.777995 0.881366 0.126302 0.164352
0 0.248772 0.425198 0.031920 0.032937
0 0.288281 0.408929 0.028795 0.026587
